[-9.04762074e-02  4.04396132e-02  2.39056312e-02  5.89480028e-02
 -2.28823591e-02 -4.72201072e-02  4.50475886e-02  1.57863032e-02
 -4.81994487e-02 -3.77941057e-02 -1.90775916e-02  2.13088021e-02
 -4.68307966e-03 -4.33081500e-02  5.99148050e-02  5.91033697e-02
 -2.80367769e-02 -5.92183433e-02 -1.24403134e-01 -3.56000066e-02
 -6.08053524e-03  3.24290469e-02 -3.78007144e-02  2.47109924e-02
 -4.27243896e-02 -4.24538888e-02  4.59356718e-02  9.86255705e-02
 -4.99980226e-02 -3.52358893e-02  7.08397478e-02  3.31632271e-02
  2.65883431e-02  1.73233508e-04  3.88165889e-03  3.04672141e-02
 -7.82026201e-02 -1.20379552e-01  1.80415083e-02  2.28290595e-02
 -1.77497487e-03 -2.34498661e-02  3.05812806e-03  2.43557114e-02
  4.41539958e-02 -4.01096940e-02  2.01923270e-02  1.08881295e-02
  2.87315045e-02  1.23677719e-02 -9.13190842e-02 -6.81244582e-02
  6.19149068e-03 -1.25605213e-02  9.28249136e-02  2.79071182e-02
 -3.12198121e-02 -2.52352022e-02  7.84362033e-02 -7.33027458e-02
 -6.69822916e-02  1.39002437e-02 -1.42814443e-01  8.77212454e-03
  2.07010880e-02  9.08342554e-05 -5.91357872e-02 -6.52026460e-02
 -3.80247198e-02 -6.19725138e-02 -2.50722212e-03 -4.24510939e-03
 -4.13620286e-02 -4.95714135e-02  2.24600378e-02 -3.56281698e-02
  4.03861813e-02  4.88409884e-02  5.20195514e-02  3.16421278e-02
  3.02731190e-02 -3.80800627e-02 -1.65185984e-02 -6.83409907e-03
 -8.96495953e-03 -3.80861461e-02  2.37353016e-02 -8.56120512e-03
 -5.12795970e-02  1.02583617e-02 -1.06715314e-01  5.38776666e-02
  3.03738061e-02 -3.54466215e-02 -7.69298300e-02 -6.11885600e-02
  7.78369233e-02  1.08473515e-03 -1.23568341e-01  2.79173672e-01
  4.79933396e-02  5.21415174e-02  4.21877205e-02  1.02176860e-01
 -2.11792849e-02  5.31468131e-02 -5.25943935e-02  7.74885193e-02
 -5.98223042e-03  2.23340746e-02  2.56445520e-02 -1.77129183e-03
 -2.79253796e-02 -1.91524997e-02  5.49053401e-02  7.07537457e-02
 -3.37206968e-03  7.49428198e-03  2.57696323e-02 -7.10281655e-02
 -2.47852951e-02 -5.38526960e-02  3.37568969e-02 -4.50824648e-02
 -1.98344383e-02 -2.40076017e-02  3.07833240e-03 -4.39805077e-33
  7.13740885e-02 -2.46291440e-02  4.34766002e-02  8.48252550e-02
 -4.63567339e-02 -3.41023318e-02 -2.29421649e-02 -4.99801226e-02
  2.06045085e-03  5.18274028e-03  8.05833936e-03  5.91127807e-03
 -4.03364711e-02 -2.34228279e-03 -2.57337224e-02  3.13820094e-02
  4.91707623e-02  5.95756322e-02  3.62814143e-02  3.59638259e-02
 -7.95033425e-02 -3.18895914e-02  2.03540381e-02  5.40887788e-02
  3.40220928e-02 -2.66800318e-02  5.13579883e-03 -1.37623385e-01
  5.35682142e-02  6.24607950e-02  4.66554984e-02  8.25164001e-03
 -1.12279307e-03  1.58642381e-02 -1.48686208e-02 -1.06545528e-02
  1.39250923e-02 -5.11116162e-02 -5.11570312e-02  1.81104057e-02
 -2.60317810e-02  4.10491489e-02  6.18397482e-02 -4.09641527e-02
  2.03002468e-02  4.35216203e-02  1.52085833e-02  2.21399181e-02
  5.85431699e-03  3.38419043e-02 -5.83183840e-02  4.04238096e-03
 -1.38970852e-01  4.21362836e-03 -5.61994128e-03 -4.35496941e-02
 -5.90716815e-03 -7.45447278e-02  8.35961476e-02  4.02503796e-02
  3.14086787e-02  7.68125728e-02 -2.74488721e-02  1.83432624e-02
 -1.53332129e-01 -3.48913260e-02  4.94040065e-02 -3.46934013e-02
  1.14418089e-01 -2.06294488e-02 -4.37950455e-02 -1.24856075e-02
  7.63985375e-03  4.81629856e-02 -3.52325253e-02  3.67844328e-02
  6.14347868e-02  1.70743205e-02  1.93933006e-02 -1.52372690e-02
 -4.23124386e-03  4.59325649e-02 -8.32648017e-03  1.58503242e-02
  5.95140569e-02 -9.18046571e-03 -1.49881225e-02 -6.76252544e-02
 -7.32812732e-02 -3.96395884e-02 -7.59297758e-02  2.27835476e-02
  8.00924078e-02 -2.19015758e-02  1.66906640e-02  3.85790781e-33
  9.64368805e-02  6.16989471e-02 -5.79451919e-02 -1.41536882e-02
 -1.89404041e-02 -1.41951283e-02 -2.27924297e-03  8.97948742e-02
 -8.37799460e-02 -2.26818528e-02  6.83508590e-02 -3.02901845e-02
  6.81149736e-02  1.75224189e-02  4.47526872e-02  2.56442782e-02
  9.22513530e-02  4.75600734e-02 -7.28712007e-02  4.11399314e-03
 -3.27285863e-02 -3.42148356e-02 -9.29743126e-02 -6.22672513e-02
 -7.87800178e-03  5.04697300e-03  1.51908677e-02  6.85869157e-02
 -5.93003519e-02 -2.59446912e-02  7.01025650e-02 -9.64848418e-03
  1.14026302e-02  5.20744473e-02  1.79103680e-03  1.04113422e-01
  1.21684177e-02 -7.34238252e-02  3.34012806e-02 -9.78091061e-02
 -4.58964594e-02  2.78539229e-02 -1.98339261e-02  9.23915282e-02
 -1.23828528e-02 -3.98118198e-02  5.08521451e-03  4.14595455e-02
 -8.42346326e-02  1.00746416e-02 -8.32034051e-02 -2.83304621e-02
  4.24229242e-02  4.08149557e-03 -4.56181020e-02  5.45456521e-02
  1.30895069e-02  5.93257286e-02  3.16440053e-02  1.33297835e-02
  1.34292766e-02  5.42032681e-02  8.32039956e-03  8.84346962e-02
  2.47975830e-02  3.48344743e-02 -1.57303140e-02 -9.23911668e-03
 -3.04034073e-02 -5.37001640e-02  4.26000468e-02 -9.55910049e-03
  3.53703424e-02  2.62070335e-02 -1.59974061e-02 -2.27997042e-02
  1.13234026e-02  3.48057337e-02 -1.15093411e-04  6.14551455e-02
  2.60663424e-02 -3.48999095e-03 -2.68241838e-02  4.36766557e-02
  1.96861140e-02  1.42173767e-02  4.13493887e-02  3.12109739e-02
 -2.94180308e-03 -5.59459291e-02  7.75544159e-03  7.96629339e-02
  7.01819584e-02 -5.30648604e-02  8.65288824e-03 -1.44800012e-08
  2.99871657e-02 -3.74179482e-02  6.35030642e-02  9.18339938e-02
  5.34941331e-02  5.86866178e-02 -2.92608514e-02 -1.45442039e-02
 -3.18563543e-02  4.17882241e-02  5.59053198e-02  3.48980911e-02
 -3.88737209e-02 -5.25139421e-02  5.35428114e-02 -2.30163690e-02
 -2.96265185e-02  4.33764607e-02 -5.71561269e-02 -1.37616098e-01
  3.65539938e-02  2.52274666e-02  2.29081442e-03 -3.21154036e-02
  7.02532707e-03 -6.36367127e-02 -3.57008912e-02 -1.72427099e-03
  1.16311498e-02 -6.13933243e-02 -1.34475529e-02  1.83892518e-01
 -7.69872824e-03 -1.57939214e-02  2.97546759e-02 -2.22599115e-02
 -9.80213843e-03 -1.19002331e-02  6.23302683e-02 -2.51286682e-02
 -4.21327837e-02 -5.61932921e-02 -4.12699878e-02 -3.24219093e-02
 -1.57817286e-02  4.64272276e-02  1.15919509e-03 -5.41495010e-02
  3.64913829e-02 -6.65329918e-02 -4.34342176e-02 -2.28455849e-02
  5.47489449e-02  7.31125996e-02  3.00163701e-02  6.17795400e-02
  1.61923245e-02  1.22880237e-02 -5.36392163e-03 -8.56419932e-03
  1.50863782e-01  6.81504160e-02  1.78655982e-02  1.12762023e-02]